// Generated from SparseMatrix_256x256_AllFormats_FlatELL.json
#include <stdint.h>

#define NUM_ROWS 256
#define NNZ 1970  // <- number of non-zero elements

int row_ptr[NUM_ROWS + 1] = {
    0, 1, 5, 9, 12, 14, 18, 21, 24, 26, 27, 29, 32, 32, 36, 40, 46, 47, 50, 51,
    54, 60, 60, 62, 64, 64, 65, 69, 70, 73, 74, 74, 75, 76, 80, 84, 86, 87, 88, 88,
    92, 95, 96, 98, 98, 100, 102, 104, 105, 107, 113, 114, 120, 123, 125, 125, 130, 132,
    133, 136, 139, 143, 143, 148, 156, 157, 161, 164, 164, 166, 166, 169, 170, 176, 182, 185,
    189, 195, 197, 200, 203, 203, 207, 211, 213, 214, 215, 216, 221, 224, 225, 226, 227, 227,
    230, 233, 236, 241, 243, 245, 247, 251, 256, 258, 260, 262, 263, 267, 269, 271, 273, 274,
    276, 280, 284, 287, 288, 291, 292, 295, 296, 299, 301, 305, 308, 309, 312, 316, 319, 322,
    323, 326, 328, 329, 331, 333, 336, 339, 343, 347, 350, 354, 358, 363, 366, 373, 377, 379,
    380, 381, 385, 389, 391, 392, 395, 398, 402, 403, 409, 409, 412, 415, 416, 417, 421, 424,
    428, 432, 437, 440, 441, 443, 445, 446, 448, 451, 453, 454, 456, 460, 460, 462, 466, 468,
    468, 472, 475, 480, 480, 483, 485, 485, 488, 492, 497, 497, 500, 503, 508, 510, 511, 514,
    516, 521, 527, 528, 530, 531, 532, 534, 538, 543, 548, 550, 552, 553, 556, 560, 561, 564,
    567, 568, 570, 575, 576, 580, 581, 583, 584, 587, 589, 590, 593, 597, 601, 603, 608, 610,
    610, 612, 617, 619, 621, 626, 627, 631, 632, 633, 635, 636, 639, 641, 644, 648, 650, 652,
    655
};

int col_index[NNZ] = {
    183, 157, 191, 219, 222, 32, 135, 146, 242, 12, 57, 176, 170, 201, 5, 47, 178, 183, 21, 127,
    // ... (Truncated: Continue from your file with all elements from "CSR_indices")
};

int values[NNZ] = {
    4, 7, 9, 3, 4, 1, 5, 4, 2, 7, 5, 7, 8, 10, 1, 2, 8, 8, 9, 6,
    // ... (Truncated: Continue with all elements from "CSR_data")
};
