int ell_values[256][7] = {
    6, 5, 4, 0, 0, 0, 0, 0,
    0, 0, 0, 0, 0, 0, 7, 0,
    0, 0, 0, 0, 0, 1, 4, 1,
    0, 0, 0, 0, 5, 0, 0, 0,
    0, 0, 0, 7, 6, 4, 6, 0,
    0, 0, 6, 0, 0, 0, 0, 0,
    0, 2, 4, 4, 6, 10, 0, 0,
    5, 1, 7, 3, 3, 3, 1, 1,
    8, 0, 0, 0, 0, 0, 1, 4,
    4, 0, 0, 0, 0, 4, 1, 5,
    0, 0, 0, 0, 9, 2, 0, 0,
    0, 0, 0, 8, 1, 4, 7, 8,
    0, 0, 7, 9, 0, 0, 0, 0,
    0, 10, 2, 0, 0, 0, 0, 0,
    8, 9, 0, 0, 0, 0, 0, 4,
    5, 9, 7, 0, 0, 0, 3, 3,
    0, 0, 0, 0, 0, 1, 10, 0,
    0, 0, 0, 0, 5, 1, 0, 0,
    0, 0, 0, 3, 0, 0, 0, 0,
    0, 0, 2, 10, 0, 0, 0, 0,
    0, 0, 0, 0, 0, 0, 0, 0,
    5, 6, 0, 0, 0, 0, 0, 5,
    10, 3, 8, 8, 10, 0, 3, 3,
    5, 0, 0, 0, 0, 3, 0, 0,
    0, 0, 0, 0, 9, 0, 0, 0,
    0, 0, 0, 3, 5, 6, 0, 0,
    0, 0, 9, 9, 10, 0, 0, 0,
    0, 5, 5, 9, 8, 0, 0, 0,
    8, 6, 7, 3, 8, 0, 0, 8,
    0, 0, 0, 0, 0, 0, 0, 0,
    0, 0, 0, 0, 0, 8, 1, 9,
    0, 0, 0, 0, 4, 4, 2, 0,
    0, 0, 0, 9, 0, 0, 0, 0,
    0, 0, 6, 5, 3, 7, 0, 0,
    0, 9, 5, 0, 0, 0, 0, 0,
    1, 10, 10, 7, 9, 1, 0, 3,
    3, 3, 0, 0, 0, 0, 5, 9,
    3, 1, 9, 0, 0, 10, 0, 0,
    0, 0, 0, 0, 0, 0, 0, 0,
    0, 0, 0, 10, 3, 4, 0, 0,
    0, 0, 6, 0, 0, 0, 0, 0,
    0, 7, 6, 0, 0, 0, 0, 0,
    1, 3, 0, 0, 0, 0, 0, 3,
    4, 0, 0, 0, 0, 0, 5, 5,
    10, 0, 0, 0, 0, 5, 2, 10,
    0, 0, 0, 0, 9, 9, 4, 3,
    6, 0, 0, 1, 4, 2, 9, 0,
    0, 0, 7, 9, 7, 2, 2, 8,
    0, 9, 6, 3, 0, 0, 0, 0,
    9, 7, 0, 0, 0, 0, 0, 1,
    9, 2, 0, 0, 0, 0, 5, 7,
    10, 0, 0, 0, 0, 3, 0, 0,
    0, 0, 0, 0, 0, 0, 0, 0,
    0, 0, 0, 9, 3, 2, 0, 0,
    0, 0, 10, 0, 0, 0, 0, 0,
    0, 3, 0, 0, 0, 0, 0, 0,
    10, 0, 0, 0, 0, 0, 0, 6,
    1, 0, 0, 0, 0, 0, 4, 4,
    0, 0, 0, 0, 0, 5, 0, 0,
    0, 0, 0, 0, 10, 2, 1, 9,
    2, 8, 0, 3, 8, 2, 3, 4,
    0, 0, 10, 10, 0, 0, 0, 0,
    0, 9, 3, 4, 4, 10, 0, 0,
    3, 9, 10, 0, 0, 0, 0, 4,
    8, 5, 6, 0, 0, 0, 0, 0,
    0, 0, 0, 0, 0, 3, 9, 4,
    0, 0, 0, 0, 6, 6, 8, 0,
    0, 0, 0, 10, 8, 6, 1, 0,
    0, 0, 8, 7, 0, 0, 0, 0,
    0, 5, 8, 6, 0, 0, 0, 0,
    1, 4, 0, 0, 0, 0, 0, 4,
    1, 0, 0, 0, 0, 0, 10, 1,
    6, 1, 8, 2, 0, 3, 3, 4,
    0, 0, 0, 0, 8, 0, 0, 0,
    0, 0, 0, 3, 1, 0, 0, 0,
    0, 0, 3, 9, 9, 0, 0, 0,
    0, 9, 4, 0, 0, 0, 0, 0,
    10, 9, 2, 6, 0, 0, 0, 3,
    2, 0, 0, 0, 0, 0, 8, 8,
    0, 0, 0, 0, 0, 4, 7, 0,
    0, 0, 0, 0, 0, 0, 0, 0,
    0, 0, 0, 10, 7, 4, 5, 0,
    0, 0, 9, 2, 1, 0, 0, 0,
    0, 2, 3, 6, 5, 0, 0, 0,
    3, 4, 6, 4, 6, 0, 0, 4,
    9, 0, 0, 0, 0, 0, 4, 1,
    2, 0, 0, 0, 0, 3, 2, 6,
    6, 9, 3, 0, 5, 0, 0, 0,
    0, 0, 0, 1, 0, 0, 0, 0,
    0, 0, 0, 0, 0, 0, 0, 0,
    0, 3, 0, 0, 0, 0, 0, 0,
    5, 7, 10, 0, 0, 0, 0, 2,
    0, 0, 0, 0, 0, 0, 9, 3,
    0, 0, 0, 0, 0, 8, 3, 6,
    0, 0, 0, 0, 7, 1, 1, 6,
    4, 0, 0, 7, 2, 1, 0, 0,
    0, 0, 5, 4, 0, 0, 0, 0,
    0, 7, 8, 1, 8, 0, 0, 0,
    9, 7, 6, 9, 0, 0, 0, 1,
    1, 1, 0, 0, 0, 0, 1, 0,
    0, 0, 0, 0, 0, 0, 0, 0,
    0, 0, 0, 0, 5, 7, 7, 0,
    0, 0, 0, 8, 7, 4, 2, 0,
    0, 0, 6, 1, 5, 0, 0, 0,
    0, 0, 0, 0, 0, 0, 0, 0,
    7, 7, 7, 0, 0, 0, 0, 0,
    0, 0, 0, 0, 0, 0, 3, 3,
    2, 8, 0, 0, 0, 10, 2, 0,
    0, 0, 0, 0, 9, 9, 5, 0,
    0, 0, 0, 6, 2, 0, 0, 0,
    0, 0, 7, 7, 10, 0, 0, 0,
    0, 5, 6, 2, 4, 7, 0, 0,
    6, 7, 0, 0, 0, 0, 0, 9,
    9, 2, 3, 0, 0, 0, 3, 3,
    8, 2, 10, 0, 0, 9, 0, 0,
    0, 0, 0, 0, 3, 3, 2, 0,
    0, 0, 0, 9, 0, 0, 0, 0,
    0, 0, 5, 8, 0, 0, 0, 0,
    0, 3, 7, 5, 6, 2, 0, 0,
    3, 5, 9, 5, 7, 0, 0, 5,
    0, 0, 0, 0, 0, 0, 2, 3,
    7, 0, 0, 0, 0, 6, 5, 0,
    0, 0, 0, 0, 5, 10, 10, 3,
    0, 0, 0, 4, 2, 0, 0, 0,
    0, 0, 5, 9, 0, 0, 0, 0,
    0, 2, 5, 1, 4, 0, 0, 0,
    5, 7, 2, 6, 4, 9, 0, 6,
    7, 0, 0, 0, 0, 0, 5, 7,
    8, 2, 0, 0, 0, 8, 2, 0,
    0, 0, 0, 0, 8, 10, 0, 0,
    0, 0, 0, 2, 4, 0, 0, 0,
    0, 0, 7, 9, 0, 0, 0, 0,
    0, 7, 0, 0, 0, 0, 0, 0,
    8, 3, 2, 4, 5, 0, 0, 2,
    0, 0, 0, 0, 0, 0, 6, 2,
    0, 0, 0, 0, 0, 7, 7, 5,
    0, 0, 0, 0, 8, 0, 0, 0,
    0, 0, 0, 2, 8, 0, 0, 0,
    0, 0, 9, 0, 0, 0, 0, 0,
    0, 5, 5, 0, 0, 0, 0, 0,
    4, 4, 10, 5, 5, 5, 0, 4,
    4, 7, 0, 0, 0, 0, 4, 5,
    8, 6, 0, 0, 0, 1, 4, 8,
    0, 0, 0, 0, 6, 7, 4, 0,
    0, 0, 0, 3, 4, 0, 0, 0,
    0, 0, 3, 1, 0, 0, 0, 0,
    0, 0, 0, 0, 0, 0, 0, 0,
    2, 4, 6, 0, 0, 0, 0, 6,
    9, 3, 1, 0, 0, 0, 6, 1,
    9, 0, 0, 0, 0, 8, 1, 0,
    0, 0, 0, 0, 1, 8, 0, 0,
    0, 0, 0, 2, 0, 0, 0, 0,
    0, 0, 0, 0, 0, 0, 0, 0,
    0, 2, 0, 0, 0, 0, 0, 0,
    1, 3, 6, 0, 0, 0, 0, 4,
    6, 2, 5, 10, 0, 0, 2, 3,
    2, 7, 0, 0, 0, 6, 3, 0,
    0, 0, 0, 0, 6, 3, 0, 0,
    0, 0, 0, 7, 4, 7, 0, 0,
    0, 0, 0, 0, 0, 0, 0, 0,
    0, 10, 4, 0, 0, 0, 0, 0,
    9, 5, 10, 0, 0, 0, 0, 8,
    8, 0, 0, 0, 0, 0, 7, 10,
    0, 0, 0, 0, 0, 4, 9, 5,
    1, 4, 0, 0, 10, 0, 0, 0,
    0, 0, 0, 4, 5, 0, 0, 0,
    0, 0, 5, 4, 8, 6, 0, 0,
    0, 3, 0, 0, 0, 0, 0, 0,
    9, 0, 0, 0, 0, 0, 0, 10,
    0, 0, 0, 0, 0, 0, 4, 1,
    4, 10, 7, 0, 0, 0, 0, 0,
    0, 0, 0, 0, 4, 0, 0, 0,
    0, 0, 0, 9, 0, 0, 0, 0,
    0, 0, 6, 3, 1, 8, 0, 0,
    0, 3, 9, 6, 0, 0, 0, 0,
    9, 4, 4, 1, 0, 0, 0, 4,
    4, 0, 0, 0, 0, 0, 1, 0,
    0, 0, 0, 0, 0, 4, 2, 2,
    3, 1, 9, 0, 5, 0, 0, 0,
    0, 0, 0, 1, 2, 4, 10, 0,
    0, 0, 1, 4, 0, 0, 0, 0,
    0, 3, 0, 0, 0, 0, 0, 0,
    1, 6, 9, 9, 0, 0, 0, 6,
    0, 0, 0, 0, 0, 0, 6, 9,
    0, 0, 0, 0, 0, 8, 4, 0,
    0, 0, 0, 0, 8, 10, 0, 0,
    0, 0, 0, 1, 10, 0, 0, 0,
    0, 0, 2, 10, 7, 9, 0, 0,
    0, 7, 10, 0, 0, 0, 0, 0,
    7, 2, 0, 0, 0, 0, 0, 6,
    10, 8, 1, 0, 0, 0, 7, 0,
    0, 0, 0, 0, 0, 3, 6, 5,
    0, 0, 0, 0, 3, 8, 8, 3,
    1, 0, 0, 7, 9, 1, 3, 0,
    0, 0, 4, 6, 10, 8, 0, 0,
    0, 6, 10, 3, 3, 2, 9, 9,
    2, 10, 8, 0, 0, 0, 0, 7,
    6, 0, 0, 0, 0, 0, 5, 3,
    5, 7, 0, 0, 0, 4, 0, 0,
    0, 0, 0, 0, 5, 10, 5, 2,
    2, 0, 0, 1, 1, 0, 0, 0,
    0, 0, 2, 7, 0, 0, 0, 0,
    0, 5, 5, 1, 8, 1, 0, 0,
    10, 5, 8, 2, 6, 0, 0, 4,
    0, 0, 0, 0, 0, 0, 6, 2,
    7, 0, 0, 0, 0, 0, 0, 0,
    0, 0, 0, 0, 1, 2, 6, 5,
    0, 0, 0, 6, 1, 1, 6, 0,
    0, 0, 3, 7, 0, 0, 0, 0,
    0, 4, 10, 7, 5, 7, 0, 0,
    0, 0, 0, 0, 0, 0, 0, 10,
    3, 8, 0, 0, 0, 0, 7, 5,
    3, 10, 0, 0, 0, 10, 5, 1,
    0, 0, 0, 0, 8, 6, 0, 0,
    0, 0, 0, 0, 0, 0, 0, 0,
    0, 0, 4, 0, 0, 0, 0, 0,
    0, 4, 10, 1, 1, 0, 0, 0,
    8, 0, 0, 0, 0, 0, 0, 6,
    0, 0, 0, 0, 0, 0, 4, 3,
    1, 9, 10, 3, 7, 4, 8, 0,
    0, 0, 0, 0, 8, 5, 10, 3,
    0, 0, 0, 5, 0, 0, 0, 0,
    0, 0, 2, 10, 6, 7, 0, 0,
    0, 6, 0, 0, 0, 0, 0, 0
};

int ell_col_index[256][7] = {
    65, 168, 194, 4294967295, 4294967295, 4294967295, 4294967295, 4294967295,
    4294967295, 4294967295, 4294967295, 4294967295, 4294967295, 4294967295, 189, 4294967295,
    4294967295, 4294967295, 4294967295, 4294967295, 4294967295, 116, 171, 214,
    4294967295, 4294967295, 4294967295, 4294967295, 227, 4294967295, 4294967295, 4294967295,
    4294967295, 4294967295, 4294967295, 76, 149, 184, 239, 4294967295,
    4294967295, 4294967295, 176, 4294967295, 4294967295, 4294967295, 4294967295, 4294967295,
    4294967295, 14, 183, 227, 243, 246, 4294967295, 4294967295,
    62, 63, 163, 179, 184, 248, 254, 137,
    194, 4294967295, 4294967295, 4294967295, 4294967295, 4294967295, 34, 61,
    143, 4294967295, 4294967295, 4294967295, 4294967295, 65, 71, 129,
    4294967295, 4294967295, 4294967295, 4294967295, 136, 153, 4294967295, 4294967295,
    4294967295, 4294967295, 4294967295, 4, 80, 87, 133, 135,
    4294967295, 4294967295, 14, 51, 4294967295, 4294967295, 4294967295, 4294967295,
    4294967295, 13, 162, 4294967295, 4294967295, 4294967295, 4294967295, 4294967295,
    154, 234, 4294967295, 4294967295, 4294967295, 4294967295, 4294967295, 56,
    86, 135, 142, 4294967295, 4294967295, 4294967295, 26, 60,
    4294967295, 4294967295, 4294967295, 4294967295, 4294967295, 76, 203, 4294967295,
    4294967295, 4294967295, 4294967295, 4294967295, 113, 124, 4294967295, 4294967295,
    4294967295, 4294967295, 4294967295, 107, 4294967295, 4294967295, 4294967295, 4294967295,
    4294967295, 4294967295, 110, 186, 4294967295, 4294967295, 4294967295, 4294967295,
    4294967295, 4294967295, 4294967295, 4294967295, 4294967295, 4294967295, 4294967295, 4294967295,
    52, 219, 4294967295, 4294967295, 4294967295, 4294967295, 4294967295, 59,
    94, 95, 210, 238, 250, 4294967295, 115, 151,
    227, 4294967295, 4294967295, 4294967295, 4294967295, 148, 4294967295, 4294967295,
    4294967295, 4294967295, 4294967295, 4294967295, 161, 4294967295, 4294967295, 4294967295,
    4294967295, 4294967295, 4294967295, 68, 74, 106, 4294967295, 4294967295,
    4294967295, 4294967295, 71, 99, 102, 4294967295, 4294967295, 4294967295,
    4294967295, 69, 178, 202, 249, 4294967295, 4294967295, 4294967295,
    63, 219, 236, 247, 248, 4294967295, 4294967295, 56,
    4294967295, 4294967295, 4294967295, 4294967295, 4294967295, 4294967295, 4294967295, 4294967295,
    4294967295, 4294967295, 4294967295, 4294967295, 4294967295, 8, 121, 248,
    4294967295, 4294967295, 4294967295, 4294967295, 31, 39, 143, 4294967295,
    4294967295, 4294967295, 4294967295, 159, 4294967295, 4294967295, 4294967295, 4294967295,
    4294967295, 4294967295, 50, 132, 141, 219, 4294967295, 4294967295,
    4294967295, 1, 225, 4294967295, 4294967295, 4294967295, 4294967295, 4294967295,
    65, 100, 159, 163, 181, 247, 4294967295, 80,
    203, 246, 4294967295, 4294967295, 4294967295, 4294967295, 8, 60,
    94, 181, 212, 4294967295, 4294967295, 64, 4294967295, 4294967295,
    4294967295, 4294967295, 4294967295, 4294967295, 4294967295, 4294967295, 4294967295, 4294967295,
    4294967295, 4294967295, 4294967295, 32, 109, 221, 4294967295, 4294967295,
    4294967295, 4294967295, 201, 4294967295, 4294967295, 4294967295, 4294967295, 4294967295,
    4294967295, 93, 161, 4294967295, 4294967295, 4294967295, 4294967295, 4294967295,
    89, 152, 4294967295, 4294967295, 4294967295, 4294967295, 4294967295, 1,
    39, 4294967295, 4294967295, 4294967295, 4294967295, 4294967295, 9, 159,
    192, 4294967295, 4294967295, 4294967295, 4294967295, 6, 49, 117,
    4294967295, 4294967295, 4294967295, 4294967295, 3, 39, 185, 228,
    239, 4294967295, 4294967295, 100, 116, 131, 191, 4294967295,
    4294967295, 4294967295, 16, 43, 44, 149, 175, 210,
    4294967295, 138, 196, 226, 4294967295, 4294967295, 4294967295, 4294967295,
    48, 203, 4294967295, 4294967295, 4294967295, 4294967295, 4294967295, 61,
    204, 238, 4294967295, 4294967295, 4294967295, 4294967295, 86, 107,
    195, 4294967295, 4294967295, 4294967295, 4294967295, 150, 4294967295, 4294967295,
    4294967295, 4294967295, 4294967295, 4294967295, 4294967295, 4294967295, 4294967295, 4294967295,
    4294967295, 4294967295, 4294967295, 10, 159, 254, 4294967295, 4294967295,
    4294967295, 4294967295, 81, 4294967295, 4294967295, 4294967295, 4294967295, 4294967295,
    4294967295, 84, 4294967295, 4294967295, 4294967295, 4294967295, 4294967295, 4294967295,
    208, 4294967295, 4294967295, 4294967295, 4294967295, 4294967295, 4294967295, 8,
    60, 4294967295, 4294967295, 4294967295, 4294967295, 4294967295, 96, 249,
    4294967295, 4294967295, 4294967295, 4294967295, 4294967295, 35, 4294967295, 4294967295,
    4294967295, 4294967295, 4294967295, 4294967295, 35, 81, 102, 172,
    174, 179, 4294967295, 51, 148, 200, 211, 216,
    4294967295, 4294967295, 9, 211, 4294967295, 4294967295, 4294967295, 4294967295,
    4294967295, 13, 40, 192, 201, 204, 4294967295, 4294967295,
    117, 143, 238, 4294967295, 4294967295, 4294967295, 4294967295, 6,
    146, 197, 200, 4294967295, 4294967295, 4294967295, 4294967295, 4294967295,
    4294967295, 4294967295, 4294967295, 4294967295, 4294967295, 6, 61, 181,
    4294967295, 4294967295, 4294967295, 4294967295, 132, 147, 217, 4294967295,
    4294967295, 4294967295, 4294967295, 92, 131, 146, 166, 4294967295,
    4294967295, 4294967295, 207, 254, 4294967295, 4294967295, 4294967295, 4294967295,
    4294967295, 70, 116, 145, 4294967295, 4294967295, 4294967295, 4294967295,
    124, 175, 4294967295, 4294967295, 4294967295, 4294967295, 4294967295, 58,
    73, 4294967295, 4294967295, 4294967295, 4294967295, 4294967295, 28, 65,
    90, 120, 179, 221, 4294967295, 31, 173, 174,
    4294967295, 4294967295, 4294967295, 4294967295, 44, 4294967295, 4294967295, 4294967295,
    4294967295, 4294967295, 4294967295, 3, 176, 4294967295, 4294967295, 4294967295,
    4294967295, 4294967295, 6, 88, 101, 4294967295, 4294967295, 4294967295,
    4294967295, 57, 186, 4294967295, 4294967295, 4294967295, 4294967295, 4294967295,
    8, 46, 62, 254, 4294967295, 4294967295, 4294967295, 36,
    55, 4294967295, 4294967295, 4294967295, 4294967295, 4294967295, 0, 173,
    4294967295, 4294967295, 4294967295, 4294967295, 4294967295, 165, 182, 4294967295,
    4294967295, 4294967295, 4294967295, 4294967295, 4294967295, 4294967295, 4294967295, 4294967295,
    4294967295, 4294967295, 4294967295, 94, 98, 100, 123, 4294967295,
    4294967295, 4294967295, 49, 105, 217, 4294967295, 4294967295, 4294967295,
    4294967295, 37, 139, 167, 176, 4294967295, 4294967295, 4294967295,
    21, 28, 81, 95, 148, 4294967295, 4294967295, 36,
    196, 4294967295, 4294967295, 4294967295, 4294967295, 4294967295, 0, 66,
    180, 4294967295, 4294967295, 4294967295, 4294967295, 111, 142, 186,
    208, 228, 239, 4294967295, 108, 4294967295, 4294967295, 4294967295,
    4294967295, 4294967295, 4294967295, 48, 4294967295, 4294967295, 4294967295, 4294967295,
    4294967295, 4294967295, 4294967295, 4294967295, 4294967295, 4294967295, 4294967295, 4294967295,
    4294967295, 186, 4294967295, 4294967295, 4294967295, 4294967295, 4294967295, 4294967295,
    10, 74, 246, 4294967295, 4294967295, 4294967295, 4294967295, 28,
    4294967295, 4294967295, 4294967295, 4294967295, 4294967295, 4294967295, 130, 235,
    4294967295, 4294967295, 4294967295, 4294967295, 4294967295, 76, 89, 112,
    4294967295, 4294967295, 4294967295, 4294967295, 79, 143, 154, 172,
    178, 4294967295, 4294967295, 92, 122, 171, 4294967295, 4294967295,
    4294967295, 4294967295, 50, 173, 4294967295, 4294967295, 4294967295, 4294967295,
    4294967295, 132, 133, 178, 213, 4294967295, 4294967295, 4294967295,
    36, 51, 115, 131, 4294967295, 4294967295, 4294967295, 59,
    96, 226, 4294967295, 4294967295, 4294967295, 4294967295, 233, 4294967295,
    4294967295, 4294967295, 4294967295, 4294967295, 4294967295, 4294967295, 4294967295, 4294967295,
    4294967295, 4294967295, 4294967295, 4294967295, 156, 185, 243, 4294967295,
    4294967295, 4294967295, 4294967295, 0, 54, 191, 199, 4294967295,
    4294967295, 4294967295, 57, 149, 244, 4294967295, 4294967295, 4294967295,
    4294967295, 4294967295, 4294967295, 4294967295, 4294967295, 4294967295, 4294967295, 4294967295,
    50, 167, 188, 4294967295, 4294967295, 4294967295, 4294967295, 4294967295,
    4294967295, 4294967295, 4294967295, 4294967295, 4294967295, 4294967295, 65, 77,
    112, 224, 4294967295, 4294967295, 4294967295, 221, 251, 4294967295,
    4294967295, 4294967295, 4294967295, 4294967295, 122, 156, 195, 4294967295,
    4294967295, 4294967295, 4294967295, 113, 148, 4294967295, 4294967295, 4294967295,
    4294967295, 4294967295, 127, 195, 240, 4294967295, 4294967295, 4294967295,
    4294967295, 51, 57, 72, 180, 244, 4294967295, 4294967295,
    2, 113, 4294967295, 4294967295, 4294967295, 4294967295, 4294967295, 32,
    40, 88, 102, 4294967295, 4294967295, 4294967295, 40, 143,
    172, 184, 254, 4294967295, 4294967295, 132, 4294967295, 4294967295,
    4294967295, 4294967295, 4294967295, 4294967295, 106, 237, 242, 4294967295,
    4294967295, 4294967295, 4294967295, 32, 4294967295, 4294967295, 4294967295, 4294967295,
    4294967295, 4294967295, 147, 250, 4294967295, 4294967295, 4294967295, 4294967295,
    4294967295, 118, 161, 185, 231, 239, 4294967295, 4294967295,
    86, 116, 166, 219, 230, 4294967295, 4294967295, 59,
    4294967295, 4294967295, 4294967295, 4294967295, 4294967295, 4294967295, 44, 68,
    135, 4294967295, 4294967295, 4294967295, 4294967295, 12, 211, 4294967295,
    4294967295, 4294967295, 4294967295, 4294967295, 80, 199, 218, 242,
    4294967295, 4294967295, 4294967295, 103, 126, 4294967295, 4294967295, 4294967295,
    4294967295, 4294967295, 225, 246, 4294967295, 4294967295, 4294967295, 4294967295,
    4294967295, 71, 113, 159, 221, 4294967295, 4294967295, 4294967295,
    49, 69, 75, 135, 250, 255, 4294967295, 96,
    98, 4294967295, 4294967295, 4294967295, 4294967295, 4294967295, 70, 77,
    89, 123, 4294967295, 4294967295, 4294967295, 126, 140, 4294967295,
    4294967295, 4294967295, 4294967295, 4294967295, 64, 252, 4294967295, 4294967295,
    4294967295, 4294967295, 4294967295, 55, 70, 4294967295, 4294967295, 4294967295,
    4294967295, 4294967295, 182, 215, 4294967295, 4294967295, 4294967295, 4294967295,
    4294967295, 44, 4294967295, 4294967295, 4294967295, 4294967295, 4294967295, 4294967295,
    15, 18, 133, 145, 173, 4294967295, 4294967295, 2,
    4294967295, 4294967295, 4294967295, 4294967295, 4294967295, 4294967295, 142, 238,
    4294967295, 4294967295, 4294967295, 4294967295, 4294967295, 6, 99, 228,
    4294967295, 4294967295, 4294967295, 4294967295, 43, 4294967295, 4294967295, 4294967295,
    4294967295, 4294967295, 4294967295, 149, 155, 4294967295, 4294967295, 4294967295,
    4294967295, 4294967295, 187, 4294967295, 4294967295, 4294967295, 4294967295, 4294967295,
    4294967295, 94, 172, 4294967295, 4294967295, 4294967295, 4294967295, 4294967295,
    4, 28, 63, 126, 154, 162, 4294967295, 100,
    212, 236, 4294967295, 4294967295, 4294967295, 4294967295, 40, 165,
    231, 239, 4294967295, 4294967295, 4294967295, 6, 20, 248,
    4294967295, 4294967295, 4294967295, 4294967295, 13, 96, 120, 4294967295,
    4294967295, 4294967295, 4294967295, 3, 188, 4294967295, 4294967295, 4294967295,
    4294967295, 4294967295, 49, 100, 4294967295, 4294967295, 4294967295, 4294967295,
    4294967295, 4294967295, 4294967295, 4294967295, 4294967295, 4294967295, 4294967295, 4294967295,
    77, 113, 159, 4294967295, 4294967295, 4294967295, 4294967295, 24,
    27, 54, 151, 4294967295, 4294967295, 4294967295, 87, 143,
    160, 4294967295, 4294967295, 4294967295, 4294967295, 27, 78, 4294967295,
    4294967295, 4294967295, 4294967295, 4294967295, 82, 109, 4294967295, 4294967295,
    4294967295, 4294967295, 4294967295, 242, 4294967295, 4294967295, 4294967295, 4294967295,
    4294967295, 4294967295, 4294967295, 4294967295, 4294967295, 4294967295, 4294967295, 4294967295,
    4294967295, 227, 4294967295, 4294967295, 4294967295, 4294967295, 4294967295, 4294967295,
    24, 210, 248, 4294967295, 4294967295, 4294967295, 4294967295, 15,
    219, 223, 229, 250, 4294967295, 4294967295, 19, 34,
    55, 67, 4294967295, 4294967295, 4294967295, 99, 153, 4294967295,
    4294967295, 4294967295, 4294967295, 4294967295, 218, 233, 4294967295, 4294967295,
    4294967295, 4294967295, 4294967295, 47, 48, 208, 4294967295, 4294967295,
    4294967295, 4294967295, 4294967295, 4294967295, 4294967295, 4294967295, 4294967295, 4294967295,
    4294967295, 62, 94, 4294967295, 4294967295, 4294967295, 4294967295, 4294967295,
    20, 90, 159, 4294967295, 4294967295, 4294967295, 4294967295, 223,
    239, 4294967295, 4294967295, 4294967295, 4294967295, 4294967295, 201, 223,
    4294967295, 4294967295, 4294967295, 4294967295, 4294967295, 66, 97, 123,
    157, 205, 4294967295, 4294967295, 208, 4294967295, 4294967295, 4294967295,
    4294967295, 4294967295, 4294967295, 99, 196, 4294967295, 4294967295, 4294967295,
    4294967295, 4294967295, 3, 117, 153, 185, 4294967295, 4294967295,
    4294967295, 174, 4294967295, 4294967295, 4294967295, 4294967295, 4294967295, 4294967295,
    31, 4294967295, 4294967295, 4294967295, 4294967295, 4294967295, 4294967295, 91,
    4294967295, 4294967295, 4294967295, 4294967295, 4294967295, 4294967295, 64, 124,
    151, 215, 242, 4294967295, 4294967295, 4294967295, 4294967295, 4294967295,
    4294967295, 4294967295, 4294967295, 4294967295, 105, 4294967295, 4294967295, 4294967295,
    4294967295, 4294967295, 4294967295, 165, 4294967295, 4294967295, 4294967295, 4294967295,
    4294967295, 4294967295, 24, 62, 166, 221, 4294967295, 4294967295,
    4294967295, 15, 66, 110, 4294967295, 4294967295, 4294967295, 4294967295,
    17, 111, 159, 166, 4294967295, 4294967295, 4294967295, 103,
    238, 4294967295, 4294967295, 4294967295, 4294967295, 4294967295, 48, 4294967295,
    4294967295, 4294967295, 4294967295, 4294967295, 4294967295, 29, 86, 128,
    182, 187, 191, 4294967295, 69, 4294967295, 4294967295, 4294967295,
    4294967295, 4294967295, 4294967295, 11, 57, 83, 176, 4294967295,
    4294967295, 4294967295, 71, 232, 4294967295, 4294967295, 4294967295, 4294967295,
    4294967295, 102, 4294967295, 4294967295, 4294967295, 4294967295, 4294967295, 4294967295,
    28, 30, 111, 138, 4294967295, 4294967295, 4294967295, 52,
    4294967295, 4294967295, 4294967295, 4294967295, 4294967295, 4294967295, 120, 228,
    4294967295, 4294967295, 4294967295, 4294967295, 4294967295, 6, 187, 4294967295,
    4294967295, 4294967295, 4294967295, 4294967295, 38, 67, 4294967295, 4294967295,
    4294967295, 4294967295, 4294967295, 17, 209, 4294967295, 4294967295, 4294967295,
    4294967295, 4294967295, 63, 191, 227, 242, 4294967295, 4294967295,
    4294967295, 91, 131, 4294967295, 4294967295, 4294967295, 4294967295, 4294967295,
    1, 9, 4294967295, 4294967295, 4294967295, 4294967295, 4294967295, 14,
    149, 183, 216, 4294967295, 4294967295, 4294967295, 201, 4294967295,
    4294967295, 4294967295, 4294967295, 4294967295, 4294967295, 25, 172, 231,
    4294967295, 4294967295, 4294967295, 4294967295, 49, 96, 125, 186,
    222, 4294967295, 4294967295, 18, 46, 49, 144, 4294967295,
    4294967295, 4294967295, 1, 44, 54, 157, 4294967295, 4294967295,
    4294967295, 51, 106, 110, 112, 195, 216, 253,
    4, 157, 203, 4294967295, 4294967295, 4294967295, 4294967295, 159,
    214, 4294967295, 4294967295, 4294967295, 4294967295, 4294967295, 23, 33,
    59, 175, 4294967295, 4294967295, 4294967295, 162, 4294967295, 4294967295,
    4294967295, 4294967295, 4294967295, 4294967295, 27, 69, 93, 224,
    240, 4294967295, 4294967295, 53, 124, 4294967295, 4294967295, 4294967295,
    4294967295, 4294967295, 77, 188, 4294967295, 4294967295, 4294967295, 4294967295,
    4294967295, 48, 174, 200, 216, 236, 4294967295, 4294967295,
    46, 123, 133, 173, 228, 4294967295, 4294967295, 150,
    4294967295, 4294967295, 4294967295, 4294967295, 4294967295, 4294967295, 42, 130,
    160, 4294967295, 4294967295, 4294967295, 4294967295, 4294967295, 4294967295, 4294967295,
    4294967295, 4294967295, 4294967295, 4294967295, 34, 107, 165, 223,
    4294967295, 4294967295, 4294967295, 4, 164, 175, 201, 4294967295,
    4294967295, 4294967295, 4, 59, 4294967295, 4294967295, 4294967295, 4294967295,
    4294967295, 24, 47, 70, 107, 219, 4294967295, 4294967295,
    4294967295, 4294967295, 4294967295, 4294967295, 4294967295, 4294967295, 4294967295, 19,
    80, 113, 4294967295, 4294967295, 4294967295, 4294967295, 42, 57,
    169, 190, 4294967295, 4294967295, 4294967295, 28, 185, 255,
    4294967295, 4294967295, 4294967295, 4294967295, 56, 62, 4294967295, 4294967295,
    4294967295, 4294967295, 4294967295, 4294967295, 4294967295, 4294967295, 4294967295, 4294967295,
    4294967295, 4294967295, 239, 4294967295, 4294967295, 4294967295, 4294967295, 4294967295,
    4294967295, 23, 69, 140, 157, 4294967295, 4294967295, 4294967295,
    108, 4294967295, 4294967295, 4294967295, 4294967295, 4294967295, 4294967295, 49,
    4294967295, 4294967295, 4294967295, 4294967295, 4294967295, 4294967295, 4, 31,
    189, 235, 243, 245, 255, 104, 246, 4294967295,
    4294967295, 4294967295, 4294967295, 4294967295, 0, 22, 104, 224,
    4294967295, 4294967295, 4294967295, 191, 4294967295, 4294967295, 4294967295, 4294967295,
    4294967295, 4294967295, 116, 163, 174, 179, 4294967295, 4294967295,
    4294967295, 57, 4294967295, 4294967295, 4294967295, 4294967295, 4294967295, 4294967295
};

int x[256] = {
    9, 5, 8, 9, 10, 6, 5, 4,
    3, 7, 10, 2, 3, 10, 3, 10,
    2, 2, 5, 8, 2, 6, 6, 10,
    2, 1, 5, 3, 3, 5, 9, 6,
    3, 8, 8, 10, 2, 2, 8, 3,
    2, 5, 10, 10, 4, 10, 3, 3,
    7, 8, 10, 3, 5, 2, 9, 9,
    4, 5, 2, 5, 2, 7, 3, 3,
    3, 7, 10, 5, 4, 5, 7, 3,
    3, 7, 1, 2, 8, 6, 9, 5,
    7, 10, 8, 8, 8, 1, 1, 9,
    5, 8, 1, 9, 4, 10, 7, 2,
    6, 9, 10, 3, 8, 5, 9, 7,
    9, 1, 4, 2, 5, 2, 3, 5,
    5, 10, 4, 6, 9, 9, 8, 6,
    8, 1, 5, 9, 8, 6, 10, 8,
    4, 9, 2, 8, 8, 2, 6, 9,
    2, 5, 3, 1, 7, 5, 4, 10,
    4, 10, 6, 5, 4, 7, 8, 2,
    6, 10, 4, 4, 2, 7, 6, 6,
    3, 8, 9, 8, 5, 8, 6, 9,
    8, 9, 10, 1, 9, 7, 5, 1,
    3, 4, 3, 3, 9, 10, 1, 7,
    4, 10, 5, 4, 4, 4, 1, 2,
    6, 1, 1, 2, 1, 7, 7, 5,
    6, 3, 4, 7, 1, 8, 10, 8,
    3, 1, 1, 10, 5, 9, 10, 6,
    6, 8, 2, 5, 1, 7, 8, 6,
    1, 8, 9, 1, 3, 3, 5, 1,
    6, 7, 9, 10, 7, 7, 8, 9,
    5, 7, 8, 8, 5, 2, 3, 10,
    3, 8, 6, 2, 10, 5, 9, 7
};
